Date, BigNumber, LittleNumber, NegDrop, Dinner (1/0), Made, Comments, NegDropPaid(1/0)
6/8/17, 582.5,, -32.49, 1, 68, , 1
6/11/17, 994.5,, -116.94, 1, 142, AM, 1
6/12/17, 1169.56,, -81.34, 1, 155,, 1
6/13/17, 575.66,, NA, 1, 53
6/14/17, 575.49,, -41.86, 1, 77,,1
6/15/17, 897.62,, -130.05, 1, 109,,1
6/16/17, 568.62,, NA, 1, 87, AM
6/18/17, 1317.05,, -52.01, 1, 190,,1
6/20/17, 1140.5,, NA, 1, 130
6/21/17, 671.09,, NA, 0, 93
6/22/17, 481.64,, NA, 0, 74
6/23/17, 635.29,, -119.02, 1, 83,, 1
6/26/17, 690.59,, -101.46, 1, 113,, 1
6/27/17, 174.57,, NA, 1, 21, cut early
6/28/17, 1578.83,, -78.87, 1, 235,, 1
6/29/17, 1082.58, 1006, NA, 1, 127
7/1/17, 1756.57, 1624, NA, 0, 347
7/3/17, 1153.52, 1072, NA, 1, 147
7/4/17, 1305.79, 1212.5, NA, 1, 158
7/5/17, 1083.07, 1017.75, NA, 1, 145
7/6/17, 438.27, 399.25, NA, 0, 81, cut early
7/10/17, 379.48, 369.5, NA, 0, 48
7/11/17, 881.85, 829.25, -112.34, 1, 128, 1
7/12/17, 909.65, 810.5, -9.78, 0, 111, 1
7/13/17, 55.30, 71, -11, 0, 6, cut early, 1 
7/17/17, 1186.82, 1121.75, -168.43, 1, 211, 1
7/18/17, 588.98, 550.25, NA, 1, 90
7/19/17, 1537.8, 1423.25, -1.32, 0, 277
7/20/17, 1231.58, 1144, -50.01, 1, 166
7/24/17, 1637.05, 1553, NA, 1, 235
7/25/17, 1370.54, 1271.25, -18.44, 1, 167
7/26/17, 988.22, 930.5, -113.63, 0, 125
7/27/17, 2016.95, 1885.5, NA, 1, 262
7/31/17, 1140.67, 1122.25, -57.32, 1, 167
8/1/17, 834.67, 735.75, -48.54, 1, 128